vest = 2024-08-27 14:28:29.117296
arch = 2024-08-27 14:17:23.195224
inf = 2024-08-27 14:29:01.900437
cav = 2024-08-27 14:29:18.150388
