build1 = 2024-08-21 03:44:43.818662
build2 = 2024-08-21 03:45:52.959576
