vest = 2024-08-15 16:14:51.761311
arch = 2024-08-15 16:15:06.840254
inf = 2024-08-15 16:38:05.824596
cav = 2024-08-15 16:38:21.898202
