inf = 2024-08-03 23:27:20.050088
vest = 2024-08-04 06:54:32.513369
arch = 2024-08-03 18:04:05.770654
cav = 2024-08-03 23:27:17.295488
