vest = 2024-07-23 22:31:18.955649
arch = 2024-07-23 19:18:56.817755
inf = 2024-07-23 12:54:20.216881
cav = 2024-07-23 12:53:59.955749
