inf = 2024-07-28 22:40:42.192167
vest = 2024-07-28 22:41:58.793860
arch = 2024-07-28 16:32:02.908960
cav = 2024-07-28 22:44:28.743217
